LogisticRegression: 0.7337550316273721
RandomForestClassifier: 0.7573317998849913
LGBMClassifier: 0.7596319723979299
GaussianNB: 0.7291546866014951
